9.93 8.84 8.97 9.69 8.01 5.17
1.09 6.22 2.48 3.86 3.63 3.81
4.59 7.0 6.79 7.94 4.08 6.27
3.45 1.56 5.3 7.28 1.29 5.39
8.67 8.57 6.91 5.79 4.44 8.36
5.4 5.72 3.14 5.38 2.38 5.26
4.14 8.25 9.94 3.62 4.45 4.39
6.62 5.74 4.24 1.19 7.93 7.74
3.89 3.81 9.3 10.38 3.87 6.14
2.17 4.33 6.38 2.7 1.31 2.57
5.46 5.03 4.91 5.29 8.29 8.64
7.95 2.76 7.16 7.95 3.46 1.59
9.01 7.79 4.87 7.85 6.2 5.17
5.9 5.06 7.28 7.6 2.2 4.15
10.49 3.71 7.87 5.51 5.36 4.84
3.52 6.71 5.73 7.46 3.16 4.45
5.13 8.96 8.86 7.26 8.5 6.62
7.32 7.17 6.23 4.91 5.75 6.82
7.74 7.79 6.58 8.19 9.23 3.81
1.23 3.71 3.57 2.33 7.91 5.78
5.88 5.5 8.45 5.81 4.7 4.82
6.8 3.26 6.33 3.71 5.63 6.79
10.23 9.69 5.16 5.78 4.42 9.43
5.84 2.65 4.9 2.22 4.98 2.68
7.25 4.4 8.73 6.63 7.38 4.78
7.71 7.76 1.96 4.19 6.21 3.99
6.76 7.9 3.78 9.67 6.95 5.43
1.68 2.66 3.41 5.21 4.83 3.36
3.9 9.93 7.76 4.7 9.42 6.89
5.22 4.75 4.82 6.49 4.65 3.71
4.38 8.46 4.84 3.93 8.85 8.88
5.14 7.54 3.43 3.02 1.89 6.83
4.62 8.84 8.36 8.95 10.09 7.26
6.8 7.42 1.95 3.97 3.86 6.67
10.36 5.73 5.92 9.14 3.5 5.31
1.24 7.59 5.21 5.1 1.67 6.92
6.84 9.79 9.08 5.0 5.65 6.32
3.62 3.66 7.33 6.49 6.06 2.66
7.77 7.8 5.43 4.09 5.09 8.94
2.79 7.78 6.39 3.65 5.29 1.3
4.72 6.14 6.38 4.87 5.81 5.39
1.26 2.1 1.03 4.19 5.93 3.6
4.33 7.82 10.09 8.26 6.78 5.97
2.29 3.83 2.48 2.21 1.99 5.84
9.77 10.43 8.87 3.89 9.32 9.32
3.78 2.4 7.02 1.16 7.39 5.51
9.55 10.21 6.5 3.63 9.8 6.63
2.08 2.97 4.88 3.67 7.76 4.11
4.17 10.31 9.86 10.48 9.32 6.98
3.33 3.99 2.79 3.73 6.09 5.07
4.52 3.74 4.02 7.41 5.78 7.55
7.16 2.48 4.12 6.55 7.75 3.86
6.25 7.78 3.83 5.69 8.95 9.96
3.9 7.39 1.66 6.9 7.39 1.78
4.18 9.55 4.35 6.72 4.22 9.01
2.51 1.95 6.48 3.95 3.96 6.12
4.13 7.69 6.91 10.12 9.56 7.48
5.95 3.72 7.42 5.59 2.72 6.14
4.35 9.81 5.51 4.99 9.84 10.4
7.38 5.56 6.52 2.08 6.21 6.05
4.41 4.1 5.66 7.68 8.24 4.67
6.56 1.29 6.84 5.45 3.0 3.64
3.84 6.55 4.17 8.97 6.07 7.91
5.52 1.97 5.9 1.79 6.33 2.97
7.02 10.21 4.76 8.14 8.0 5.06
4.58 2.98 5.06 2.28 3.11 4.05
9.87 7.77 7.15 7.99 9.59 6.62
6.44 4.87 7.19 7.52 1.27 7.15
8.19 7.63 7.22 7.53 5.98 9.85
5.92 2.52 3.18 2.86 2.22 3.11
5.2 7.68 8.07 4.48 4.94 6.84
5.97 7.21 7.22 6.44 4.97 2.9
7.66 6.79 5.71 9.27 8.54 9.51
5.6 4.51 7.3 1.3 6.82 2.76
3.78 9.66 9.75 7.2 7.52 5.15
6.91 6.85 5.35 5.81 2.11 4.06
9.46 5.15 6.25 3.51 5.8 4.41
5.58 7.31 2.27 6.78 7.97 4.42
6.61 3.77 4.79 6.94 8.08 4.41
3.58 7.94 1.12 5.65 1.74 7.84
5.84 9.08 10.24 5.89 10.39 8.64
6.78 3.55 2.73 2.67 4.63 2.82
8.68 7.19 4.25 7.36 4.9 7.6
3.92 5.34 7.53 4.26 6.81 2.96
5.39 8.47 6.82 4.12 8.3 6.71
1.59 6.74 6.59 7.84 6.08 4.66
7.7 7.68 7.45 10.27 3.53 5.46
7.78 4.11 1.69 6.85 5.19 4.64
5.17 7.89 4.42 9.9 5.11 6.91
6.33 7.1 1.32 7.84 7.48 7.18
3.93 4.21 3.84 7.13 9.45 5.33
3.94 1.35 7.03 4.02 7.56 2.65
7.97 7.54 10.22 8.0 4.01 10.43
3.41 7.43 1.95 4.34 3.52 4.47
4.61 8.79 9.88 9.81 6.7 9.18
1.53 5.0 3.36 1.85 7.46 2.16
9.33 9.71 7.01 6.85 5.1 6.05
6.18 4.55 2.38 2.68 5.5 2.09
5.68 10.01 6.98 9.66 4.9 8.16
7.64 2.95 7.64 4.8 6.64 4.48
4.38 7.23 7.98 10.17 8.6 9.67
5.47 1.74 6.24 4.35 2.43 4.66
9.59 7.0 10.38 7.44 7.2 7.23
5.52 1.77 4.67 6.23 5.37 5.09
6.44 3.9 5.93 4.46 8.56 8.84
1.26 2.54 6.54 1.22 1.58 3.2
6.26 10.32 4.21 8.45 5.8 9.34
4.28 6.29 1.09 6.77 5.77 2.31
8.2 5.54 4.81 7.38 6.68 5.59
7.11 3.0 2.49 7.79 4.76 7.95
5.72 9.22 7.04 5.12 5.33 8.58
3.48 5.81 3.31 1.87 3.87 1.42
9.99 4.94 4.04 4.12 5.83 6.86
1.4 3.63 3.06 3.1 7.38 3.37
7.53 9.1 4.89 6.62 8.13 8.29
4.3 4.46 2.48 5.6 4.64 2.19
4.2 5.13 9.58 5.38 6.02 9.18
5.7 6.07 7.55 5.09 5.42 4.21
8.45 5.4 5.78 6.65 6.99 7.01
3.11 2.81 1.68 2.06 7.83 7.08
8.68 9.63 10.46 3.55 10.18 7.38
6.93 1.28 6.31 4.38 5.62 6.51
5.07 6.29 3.95 8.06 7.45 3.59
7.44 5.9 2.63 1.28 6.14 7.21
5.94 8.55 4.98 8.97 4.27 10.28
1.47 1.77 1.31 5.94 2.0 6.46
4.53 8.63 8.89 9.01 9.77 8.25
5.09 1.11 4.37 3.15 1.29 1.23
7.12 6.31 8.05 3.64 4.5 5.26
5.98 4.5 7.41 3.43 4.13 2.46
3.8 6.41 5.76 8.76 4.06 8.79
7.23 1.0 2.04 5.53 7.54 3.48
7.52 8.52 10.28 9.9 8.13 5.01
3.73 5.12 6.61 2.39 5.03 7.23
10.48 4.02 7.81 9.52 5.89 5.39
2.91 7.86 3.09 2.34 7.43 2.35
4.83 5.72 9.56 3.67 6.02 4.67
1.11 7.85 2.74 6.06 6.67 3.7
9.08 7.84 8.42 9.81 7.69 7.19
1.57 5.3 2.38 1.9 6.33 5.93
10.35 6.14 5.04 6.19 3.98 10.34
5.34 6.54 4.24 7.66 4.29 4.57
7.09 7.88 6.85 6.25 4.69 6.1
1.77 2.31 2.5 7.77 3.74 7.15
7.46 4.84 8.61 10.33 4.22 6.16
2.06 5.87 2.83 4.83 2.54 1.65
8.49 8.42 7.98 4.42 7.55 8.25
5.56 4.33 7.95 3.24 5.18 1.98
4.6 7.76 6.73 7.16 3.97 9.98
1.45 3.05 5.74 4.66 4.74 2.6
4.84 10.15 7.23 4.03 6.33 5.89
6.75 3.52 5.5 3.3 7.47 1.34
7.23 7.72 8.61 10.34 9.41 6.74
5.76 2.95 5.12 3.74 5.12 4.94
5.19 10.26 4.79 10.37 9.38 6.49
2.95 1.6 5.75 6.05 1.62 4.96
8.54 5.65 3.86 7.56 7.29 10.28
5.08 4.03 2.36 5.06 3.94 6.8
9.94 5.07 4.98 5.64 5.61 10.03
4.86 2.34 3.2 5.07 3.99 7.1
6.09 10.22 5.71 9.55 8.75 5.91
7.2 2.88 2.2 4.3 5.67 2.47













